originalRLS =

    1.0000    1.0008    1.9862    3.1238    4.4391   11.1664   39.1841


originalDirect =

    1.0000    1.0000    2.0000    3.0000    5.0000    9.9999   40.0001


Required sigma for error < 10^-6: 8.858252e-08


noisyRLS =

    1.0000    1.0008    1.9862    3.1238    4.4391   11.1664   39.1841


noisyDirect =

    1.0000    1.0000    2.0000    3.0000    5.0001   10.0000   40.0000

originalDirect - noisyDirect

ans =

   1.0e-04 *

   -0.0000    0.0001   -0.0019    0.0179   -0.0841    0.1782   0.1244

originalRLS - noisyRLS

ans =

   1.0e-05 *

    0.0000   -0.0004    0.0071   -0.0573    0.2264   -0.3854    0.1753