ans =

   1.0e+69 *

    5.9165    5.9165
    1.9722    1.9722